36 0.000000e+000 0.000000e+000
33 0.000000e+000 0.000000e+000
29 0.000000e+000 0.000000e+000
24 0.000000e+000 0.000000e+000
22 0.000000e+000 0.000000e+000
20 0.000000e+000 0.000000e+000
28 0.000000e+000 0.000000e+000
24 0.000000e+000 0.000000e+000
21 0.000000e+000 0.000000e+000
26 0.000000e+000 0.000000e+000
28 0.000000e+000 0.000000e+000
21 0.000000e+000 0.000000e+000
20 0.000000e+000 0.000000e+000
29 0.000000e+000 0.000000e+000
22 0.000000e+000 0.000000e+000
30 0.000000e+000 0.000000e+000
23 0.000000e+000 0.000000e+000
23 0.000000e+000 0.000000e+000
27 0.000000e+000 0.000000e+000
30 0.000000e+000 0.000000e+000
25 1.817917e-005 -3.751859e-001
26 3.272251e-005 -3.800579e-001
25 4.552697e-005 -4.056264e-001
27 1.500683e-004 -4.371781e-001
35 1.486329e-003 -5.293753e-001
31 5.394257e-005 -5.325023e-001
32 5.922627e-006 -5.606939e-001
34 1.387072e-004 -5.627844e-001
32 2.822317e-004 -5.686223e-001
31 1.161746e-005 -5.901943e-001
34 9.183621e-005 -7.207571e-001
33 6.538716e-005 -7.599149e-001
35 1.944749e-005 -8.402366e-001
36 2.556724e-004 -1.001640e+000
38 9.413819e-005 -1.168908e+000
37 1.036486e-004 -1.189741e+000
37 1.255304e-004 -1.391790e+000
38 1.073735e-004 -1.701125e+000
-1 9.653332e-005 -2.142081e+000
