13
5
16
16
10
19
13
18
16
16
17
5
11
16
17
16
16
6
16
19
18
3
17
16
16
16
16
1
12
16
7
16
16
6
15
16
0
16
16
11
18
1
19
16
17
8
17
15
14
16
19
19
15
16
17
16
18
8
18
13
19
4
16
17
16
0
14
9
16
16
17
18
18
16
19
15
19
1
4
12
6
0
11
12
18
16
7
15
18
18
16
15
15
16
19
13
19
15
16
19
8
0
19
16
9
16
15
17
16
11
16
17
18
15
19
19
16
16
19
14
16
5
16
19
18
16
16
12
13
16
16
19
17
9
16
10
18
16
17
19
17
11
17
18
16
17
17
16
16
19
18
17
19
16
3
19
11
8
10
4
11
18
15
17
19
18
19
15
18
16
2
9
13
16
16
10
15
17
15
19
16
15
15
14
16
6
13
9
19
18
3
18
7
7
11
16
18
3
14
19
16
7
15
3
16
19
7
6
0
15
16
16
18
19
16
15
14
17
16
18
19
13
14
13
18
18
1
16
18
3
16
16
16
3
16
16
6
11
7
16
16
16
13
1
18
16
16
19
15
3
19
13
16
16
19
14
10
10
16
13
6
16
12
3
16
16
18
19
15
2
19
19
16
16
9
16
19
7
1
19
16
14
3
16
18
16
15
19
19
16
12
16
15
16
16
19
19
19
19
15
16
16
18
16
17
16
1
19
16
18
12
10
18
17
19
15
11
16
17
19
15
13
12
10
15
19
19
16
16
19
18
15
3
1
1
19
16
1
16
18
16
15
15
14
16
10
16
17
1
16
19
19
15
3
16
19
7
11
15
18
16
18
17
16
19
15
17
19
15
19
16
16
14
10
16
9
15
18
15
19
12
18
16
18
16
9
15
16
16
15
1
19
7
18
2
10
5
19
17
15
16
11
19
10
1
2
16
16
16
9
13
14
19
19
10
16
19
19
19
16
16
8
9
11
10
7
16
19
16
7
7
16
17
19
19
12
17
9
17
5
2
16
8
13
16
16
19
16
16
17
16
15
18
18
16
16
2
16
12
19
16
19
15
8
16
13
16
15
16
16
18
6
16
17
16
16
13
17
16
5
19
19
17
12
16
16
19
7
14
15
16
16
17
16
17
15
16
16
19
2
15
7
15
18
16
15
13
16
16
15
18
2
15
14
16
18
16
16
0
4
15
16
19
6
4
19
15
19
7
9
18
2
15
16
11
16
19
18
12
19
19
16
17
11
18
15
15
1
16
3
16
15
2
19
16
16
15
15
7
18
15
14
19
10
4
8
12
4
15
3
19
14
1
19
19
10
19
5
10
6
19
16
9
19
13
5
4
18
16
6
16
16
15
18
19
16
9
16
3
18
7
16
17
2
16
13
19
19
16
16
19
14
15
2
16
14
13
18
18
18
17
17
11
16
16
14
17
9
19
16
4
16
15
3
18
19
0
16
19
16
16
18
19
18
15
14
10
19
17
17
17
14
7
15
19
16
18
15
16
16
7
7
15
18
16
4
2
19
16
8
13
12
17
5
13
16
19
15
3
16
1
16
15
8
17
16
19
19
7
16
19
13
19
19
19
16
16
16
19
19
17
14
16
18
10
12
7
6
19
16
16
19
7
16
18
7
6
16
18
1
15
6
16
16
1
19
6
15
18
16
10
16
16
18
0
16
17
16
17
9
18
16
16
14
1
6
17
19
19
13
3
15
19
15
13
17
18
16
17
19
16
16
16
9
